13579751
13579751
13579751
13579751
13579751
13579751
13579751
13579751
13579751
13579751
13579751
13579751
13579751
13579751
13579751
13579751
13579751
13579751
13579751
13579751
64267962
64267962
64267962
64267962
64267962
64267962
64267962
64267962
64267962
64267962
64267962
64267962
64267962
64267962
64267962
64267962
64267962
64267962
64267962

13579751
13579751
13579751
13579751
13579751
13579751
13579751
13579751
13579751
13579751
13579751
13579751
13579751
13579751
13579751
13579751
13579751
13579751
13579751
13579751
64267962
64267962
64267962
64267962
64267962
64267962
64267962
64267962
64267962
64267962
64267962
64267962
64267962
64267962
64267962
64267962
64267962
64267962
64267962
64267962
