24688462
24688462
24688462
24688462
24688462
24688462
24688462
24688462
24688462
24688462
24688462
24688462
24688462
24688462
24688462
24688462
24688462
24688462
24688462
24688462
51358453
51358453
51358453
51358453
51358453
51358453
51358453
51358453
51358453
51358453
51358453
51358453
51358453
51358453
51358453
51358453
51358453
51358453
51358453

24688462
24688462
24688462
24688462
24688462
24688462
24688462
24688462
24688462
24688462
24688462
24688462
24688462
24688462
24688462
24688462
24688462
24688462
24688462
24688462
51358453
51358453
51358453
51358453
51358453
51358453
51358453
51358453
51358453
51358453
51358453
51358453
51358453
51358453
51358453
51358453
51358453
51358453
51358453
51358453
